####
#
#	OBJ File Generated by LightWave3D
#	LightWave3D OBJ Export v2.3
#
####
o Box.obj
mtllib Box.mtl
g default
v -0.15 -0.122251 0.13
v 0.15 -0.122251 0.13
v 0.15 -0.122251 -0.14
v -0.15 -0.122251 -0.14
v -0.15 0.17 0.13
v 0.15 0.17 0.13
v 0.15 0.17 -0.14
v -0.15 0.17 -0.14
vn -0.57735 -0.57735 0.57735
vn -0.666667 -0.666667 -0.333333
vn 0.333333 -0.666667 0.666667
vn -0.666667 -0.666667 -0.333333
vn 0.666667 -0.333333 -0.666667
vn 0.333333 -0.666667 0.666667
vn -0.666667 0.333333 0.666667
vn -0.57735 -0.57735 0.57735
vn 0.333333 -0.666667 0.666667
vn 0.666667 0.666667 0.333333
vn -0.666667 0.333333 0.666667
vn 0.333333 -0.666667 0.666667
vn 0.666667 -0.333333 -0.666667
vn 0.666667 0.666667 0.333333
vn 0.333333 -0.666667 0.666667
vn 0.57735 0.57735 -0.57735
vn 0.666667 0.666667 0.333333
vn 0.666667 -0.333333 -0.666667
vn -0.666667 -0.666667 -0.333333
vn -0.333333 0.666667 -0.666667
vn 0.666667 -0.333333 -0.666667
vn -0.333333 0.666667 -0.666667
vn 0.57735 0.57735 -0.57735
vn 0.666667 -0.333333 -0.666667
vn -0.666667 0.333333 0.666667
vn -0.666667 -0.666667 -0.333333
vn -0.57735 -0.57735 0.57735
vn -0.666667 0.333333 0.666667
vn -0.333333 0.666667 -0.666667
vn -0.666667 -0.666667 -0.333333
vn -0.333333 0.666667 -0.666667
vn -0.666667 0.333333 0.666667
vn 0.666667 0.666667 0.333333
vn 0.57735 0.57735 -0.57735
vn -0.333333 0.666667 -0.666667
vn 0.666667 0.666667 0.333333
g Default
usemtl Default
s off
f 1//1 4//2 2//3
f 4//4 3//5 2//6
f 5//7 1//8 2//9
f 6//10 5//11 2//12
f 3//13 6//14 2//15
f 7//16 6//17 3//18
f 4//19 8//20 3//21
f 8//22 7//23 3//24
f 5//25 4//26 1//27
f 5//28 8//29 4//30
f 8//31 5//32 6//33
f 7//34 8//35 6//36
